my id: 3 dealer: 11,5,13,7,2,15,4,3,12,8,0,1,10,14,9,6
my id: 9 dealer: 11,5,13,7,2,15,4,3,12,8,0,1,10,14,9,6
my id: 5 dealer: 11,5,13,7,2,15,4,3,12,8,0,1,10,14,9,6
my id: 2 dealer: 11,5,13,7,2,15,4,3,12,8,0,1,10,14,9,6
my id: 4 dealer: 11,5,13,7,2,15,4,3,12,8,0,1,10,14,9,6
my id: 6 dealer: 11,5,13,7,2,15,4,3,12,8,0,1,10,14,9,6
my id: 14 dealer: 11,5,13,7,2,15,4,3,12,8,0,1,10,14,9,6,11,5,6,9,10,1,14,3,12,4,0,8,2,15,13,7
my id: 11 dealer: 11,5,13,7,2,15,4,3,12,8,0,1,10,14,9,6,11,5,6,9,10,1,14,3,12,4,0,8,2,15,13,7
my id: 15 dealer: 11,5,13,7,2,15,4,3,12,8,0,1,10,14,9,6,11,5,6,9,10,1,14,3,12,4,0,8,2,15,13,7
my id: 8 dealer: 11,5,13,7,2,15,4,3,12,8,0,1,10,14,9,6
my id: 12 dealer: 11,6,14,10,12,1,9,4,0,8,3,2,7,15,13,5,11,5,6,9,10,1,14,3,12,4,0,8,2,15,13,7
my id: 7 dealer: 11,5,6,10,1,14,9,12,8,0,4,2,3,7,15,13
my id: 13 dealer: 11,5,6,10,9,1,12,0,4,14,8,7,3,2,15,13
my id: 0 dealer: 5,11,6,12,0,10,8,7,1,14,9,2,3,4,13,15
my id: 10 dealer: 11,5,6,1,14,10,4,12,9,7,3,0,8,15,2,13
